94
11 8
56 85
206 199
284 157
399 155
478 152
547 151
606 148
683 156
784 175
851 213
999 100
1063 13
9 169
203 306
363 212
411 262
539 240
655 259
715 248
830 322
1070 292
9 389
215 400
340 278
326 314
354 310
374 326
390 351
537 299
679 337
702 314
727 319
736 345
734 285
836 380
7 587
97 586
166 576
208 569
263 540
239 479
312 368
344 427
366 489
401 550
428 437
405 401
341 365
355 333
535 349
533 397
711 337
712 367
657 394
644 435
626 487
670 554
687 519
704 476
708 419
824 473
1069 540
7 675
385 672
451 601
463 566
423 520
486 484
507 443
562 439
606 481
633 527
616 567
638 589
666 671
759 678
800 616
811 545
1065 675
569 480
542 488
509 483
493 524
542 509
588 528
539 539
508 564
544 567
582 565
602 607
541 618
480 610
546 678
