94
10 9
182 13
238 49
271 8
444 43
520 11
609 13
696 16
767 61
871 20
936 76
978 15
1065 7
11 181
235 92
405 93
494 112
597 91
682 110
791 98
997 112
1069 202
10 409
168 282
367 147
422 174
462 158
498 166
489 201
587 152
684 200
691 163
723 154
755 175
814 160
1034 266
8 583
51 577
100 573
150 578
194 578
149 427
375 239
391 298
398 349
419 403
455 333
482 278
447 191
469 173
593 194
589 234
713 172
725 197
711 292
718 355
735 417
763 376
784 333
802 278
809 217
1020 423
1067 496
13 675
395 676
479 560
440 516
445 456
501 384
564 321
621 320
679 393
731 481
720 525
688 566
768 679
884 677
933 634
988 522
1070 680
630 396
583 404
542 400
545 441
590 437
634 439
597 485
529 545
582 530
648 547
660 638
589 635
516 626
596 679
